20.8004682064
20.4177751541
20.467468977
20.4187839031
20.4200241566
20.3939688206
20.5078299046
20.3589999676
20.5083789825
20.4315519333
20.4599750042
20.6783919334
20.4247469902
20.7919120789
20.3949179649
20.4425840378
20.5225470066
20.6185460091
21.7996771336
21.5460929871
20.5224289894
20.5768098831
20.4701480865
20.428691864
20.3948609829
20.4510509968
20.5111830235
20.4593298435
20.5625929832
22.1369988918
20.4965131283
20.8283970356
20.4630930424
20.5072979927
20.454171896
20.4274718761
20.6772260666
20.4424049854
20.4227092266
20.492399931
20.5132441521
20.4673810005
20.459225893
20.4507379532
20.4206881523
20.411771059
20.418530941
20.4138560295
20.437349081
20.7218439579
20.458974123
20.4187121391
20.4648990631
20.5043308735
20.6968998909
20.4659900665
20.4260981083
20.5057430267
20.4881279469
20.448127985
20.7621190548
20.5267050266
23.4978818893
20.5161828995
20.4848771095
20.4822518826
20.4653129578
20.7558867931
20.3882730007
20.4600458145
20.467017889
20.4470098019
20.6291468143
20.4054670334
20.4446480274
20.4490141869
20.4670460224
20.4442870617
20.5825250149
20.4406440258
20.4410789013
20.4417278767
20.4084420204
20.7276229858
20.4499502182
20.7539041042
20.4282469749
20.4216530323
20.453302145
20.4551639557
