20.597659111
20.4992699623
20.8136518002
20.5283231735
20.5242187977
20.5942699909
20.516108036
20.7226641178
20.4775350094
20.5208580494
20.524641037
20.5562078953
20.4993591309
21.9660270214
20.559221983
20.5390639305
20.5142631531
20.5643270016
24.3212819099
20.5473759174
23.239385128
20.6575598717
20.5960409641
20.592279911
20.5978579521
20.8033149242
20.5257880688
20.8168921471
20.5389699936
20.9103469849
20.5797169209
20.4585549831
20.5748558044
20.5772209167
20.5831620693
20.5550029278
20.6146259308
20.5675079823
20.8605690002
20.5859620571
20.5864710808
20.578524828
20.5583188534
20.8210780621
20.5361661911
20.5196621418
20.5007600784
20.5698151588
20.5267710686
20.5560860634
20.8625359535
20.5777440071
20.4637339115
20.5210030079
20.4827568531
20.5148208141
20.8689141273
20.482115984
20.5120241642
20.5159361362
20.5334858894
22.0969879627
20.7106411457
20.5981779099
20.6802089214
20.5384171009
20.4618558884
20.5052230358
20.5461139679
20.5684659481
20.5355350971
20.5600950718
20.5299460888
20.5632350445
20.9621181488
20.5049538612
20.5347859859
20.5399830341
20.4597637653
20.7573258877
20.5187888145
20.5374310017
20.5795409679
20.5194950104
20.5613591671
20.5514440536
20.5446698666
20.5171160698
20.5206692219
20.5218529701
