21.0501320362
20.8813979626
20.880215168
20.8731980324
20.8354129791
20.8702909946
20.8833010197
20.8473680019
21.4554378986
20.8614048958
21.1811699867
20.902616024
20.896971941
20.8285870552
20.8388969898
21.0875201225
20.8572759628
20.8703730106
20.9746849537
23.327881813
20.9684860706
20.8480358124
21.1539850235
20.9204061031
20.9637999535
20.8747880459
21.0001990795
21.012057066
20.9396028519
20.8897058964
20.9247238636
20.8800649643
20.9485070705
21.1812062263
20.9157011509
21.2900910378
20.9388179779
20.8685460091
20.8686380386
20.9611418247
21.048322916
20.9169490337
20.8930039406
20.8902230263
20.9696428776
20.8727319241
21.1929841042
20.8903470039
20.9519791603
20.9198610783
20.9055428505
21.0977449417
20.8678150177
20.8942341805
20.8868920803
20.918473959
20.9005651474
20.8623130322
20.8966150284
20.9485988617
20.8889439106
20.9052801132
24.8699529171
20.8668260574
22.4799349308
20.9328210354
20.9310498238
20.8768069744
20.8944211006
21.1243469715
20.8987789154
21.3147110939
20.9026331902
20.9495890141
20.882475853
20.8930981159
20.8650259972
20.9132318497
20.9052510262
20.8780889511
20.9585528374
20.9112889767
21.1999001503
20.9577360153
20.9228279591
20.9672079086
20.8794219494
21.0912849903
20.8848330975
21.0652990341
