20.7921519279
20.7830119133
20.8058049679
20.8083269596
21.0830309391
20.7830171585
21.1030881405
20.7881679535
20.759967804
20.8239459991
20.8589138985
20.836258173
20.8237788677
20.7945461273
21.2279429436
20.8808779716
20.8149330616
21.2167129517
20.892665863
22.4828209877
21.9475159645
20.8699939251
20.9339280128
20.8257288933
21.3959760666
20.8391039371
20.8678820133
20.8527541161
20.8093388081
21.0232539177
20.8846158981
20.815664053
20.8367240429
20.873404026
20.8438448906
20.7863490582
20.8640730381
20.8930408955
20.7916238308
20.8753290176
20.920194149
20.8620638847
21.169919014
20.8514690399
20.8075928688
20.8232040405
20.7765197754
21.064114809
20.8227591515
20.8530390263
20.8129489422
20.8906531334
20.7997860909
21.1051409245
20.7974531651
20.8921148777
20.7669692039
20.8084549904
21.063174963
20.8135800362
20.8205649853
20.7669830322
23.0987319946
20.7961070538
20.8838610649
21.0541899204
20.7516679764
20.8181598186
20.7896969318
20.8130459785
20.8255980015
20.9285130501
20.7927970886
20.808827877
20.7782599926
20.857861042
20.9956967831
20.8106338978
21.1252391338
20.8408179283
20.9098880291
20.8500080109
20.8139469624
20.7721819878
20.8478751183
20.7906470299
20.853648901
20.7900309563
20.7929329872
21.0553700924
